-1	-0.05
-1	0.05
1	0.05
1	-0.05
0.50251	-0.05
-0.50251	-0.05
-0.50251	0.05
0.50251	0.05
-1.5	-6.1232e-17
-1.025	-0.49937
-1.025	0.49937
1.025	-0.49937
1.5	0
1.025	0.49937
-1.3623	-0.34459
-0.67398	-0.37909
-0.5	3.4694e-17
-0.67398	0.37909
-1.3623	0.34459
0.67398	-0.37909
1.3623	-0.34459
1.3623	0.34459
0.67398	0.37909
0.5	-6.1232e-17
0.92804	-0.05
0.83448	-0.05
0.72963	-0.05
0.64898	-0.05
0.58694	-0.05
0.53922	-0.05
0.46311	-0.05
0.4119	-0.05
0.34533	-0.05
0.25878	-0.05
0.14627	-0.05
2.2204e-16	-0.05
-0.14627	-0.05
-0.25878	-0.05
-0.34533	-0.05
-0.4119	-0.05
-0.46311	-0.05
-0.53922	-0.05
-0.58694	-0.05
-0.64898	-0.05
-0.72963	-0.05
-0.83448	-0.05
-0.92804	-0.05
-0.92804	0.05
-0.83448	0.05
-0.72963	0.05
-0.64898	0.05
-0.58694	0.05
-0.53922	0.05
-0.46311	0.05
-0.4119	0.05
-0.34533	0.05
-0.25878	0.05
-0.14627	0.05
-1.1102e-16	0.05
0.14627	0.05
0.25878	0.05
0.34533	0.05
0.4119	0.05
0.46311	0.05
0.53922	0.05
0.58694	0.05
0.64898	0.05
0.72963	0.05
0.83448	0.05
0.92804	0.05
-1.4612	-0.19301
-1.2053	-0.45592
-0.81469	-0.46439
-0.59317	-0.29067
-0.5467	-0.211
-0.52139	-0.14468
-0.50846	-0.091604
-0.50846	0.091604
-0.52139	0.14468
-0.5467	0.211
-0.59317	0.29067
-0.81469	0.46439
-1.2053	0.45592
-1.4612	0.19301
0.50846	-0.091604
0.52139	-0.14468
0.5467	-0.211
0.59317	-0.29067
0.81469	-0.46439
1.2053	-0.45592
1.4612	-0.19301
1.4612	0.19301
1.2053	0.45592
0.81469	0.46439
0.59317	0.29067
0.5467	0.211
0.52139	0.14468
0.50846	0.091604
1.2386	0.046289
-1.2386	-0.046289
-1.1987	0.20893
1.1987	-0.20893
-0.98984	-0.26645
0.98984	0.26645
0.90851	-0.2631
-0.90851	0.2631
-0.69186	-0.1735
0.69186	0.1735
0.60117	-0.13968
-0.60117	0.13968
0.31677	-0.00058509
-0.31677	0.00058509
-0.67556	-0.00058509
0.67556	0.00058509
0.37771	-3.7013e-06
-0.37771	3.7013e-06
-0.61866	-3.7013e-06
0.61866	3.7013e-06
-0.56044	-0.10267
0.56044	0.10267
0.56233	-1.2336e-17
-0.43747	3.614e-18
0.43747	-1.1806e-17
-0.56233	3.6622e-18
1.1798	0.26402
-1.1798	-0.26402
-1.3204	0.16379
1.3204	-0.16379
0.80064	0.31236
-0.80064	-0.31236
-1.0074	0.34505
1.0074	-0.34505
-0.74174	0.23605
0.74174	-0.23605
1.1456	0.01512
-1.1456	-0.01512
-0.97295	0.13997
0.97295	-0.13997
0.99248	0.15436
-0.99248	-0.15436
0.6302	0.1205
-0.6302	-0.1205
0.62278	0.20211
-0.62278	-0.20211
0.56778	-0.088071
-0.56778	0.088071
-1.065	-0.3467
1.065	0.3467
1.2957	0.16186
-1.2957	-0.16186
-1.0972	-0.17351
1.0972	0.17351
-0.91231	0.38359
0.91231	-0.38359
-1.3585	0.0037209
1.3585	-0.0037209
-0.78955	-0.18126
0.78955	0.18126
0.9318	0.35386
-0.9318	-0.35386
0.81078	-0.34704
-0.81078	0.34704
-1.0936	0.098138
1.1413	-0.34848
-1.1413	0.34848
1.0936	-0.098138
-0.77108	0.12259
0.77108	-0.12259
1.226	-0.069499
-1.226	0.069499
-0.69523	-0.25707
0.69523	0.25707
0.63325	-0.20271
-0.63325	0.20271
1.0629	0.00095087
-1.0629	-0.00095087
-0.57626	-0.1568
0.57626	0.1568
-1.0639	-0.24144
1.0639	0.24144
1.1726	0.12368
-1.1726	-0.12368
-1.0537	0.23524
1.0537	-0.23524
0.89806	0.23367
-0.89806	-0.23367
-0.8594	0.1434
0.8594	-0.1434
-0.88748	-0.13405
0.88748	0.13405
0.68741	-0.13372
-0.68741	0.13372
-1.0785	-0.0854
1.0785	0.0854
-0.72072	-0.10459
0.72072	0.10459
-1	0
1	0
0.96402	-0.05
0.88126	-0.05
0.78206	-0.05
0.68931	-0.05
0.61796	-0.05
0.56308	-0.05
0.52086	-0.05
0.48281	-0.05
0.43751	-0.05
0.37861	-0.05
0.30205	-0.05
0.20252	-0.05
0.073133	-0.05
-0.073133	-0.05
-0.20252	-0.05
-0.30205	-0.05
-0.37861	-0.05
-0.43751	-0.05
-0.48281	-0.05
-0.52086	-0.05
-0.56308	-0.05
-0.61796	-0.05
-0.68931	-0.05
-0.78206	-0.05
-0.88126	-0.05
-0.96402	-0.05
-0.96402	0.05
-0.88126	0.05
-0.78206	0.05
-0.68931	0.05
-0.61796	0.05
-0.56308	0.05
-0.52086	0.05
-0.48281	0.05
-0.43751	0.05
-0.37861	0.05
-0.30205	0.05
-0.20252	0.05
-0.073133	0.05
0.073133	0.05
0.20252	0.05
0.30205	0.05
0.37861	0.05
0.43751	0.05
0.48281	0.05
0.52086	0.05
0.56308	0.05
0.61796	0.05
0.68931	0.05
0.78206	0.05
0.88126	0.05
0.96402	0.05
-1.4902	-0.09843
-1.4187	-0.27331
-1.2892	-0.40788
-1.1172	-0.48607
-0.91797	-0.49323
-0.7408	-0.42757
-0.63092	-0.33731
-0.5681	-0.25191
-0.53287	-0.17829
-0.5142	-0.11832
-0.50505	-0.070865
-0.50063	-0.025031
-0.50063	0.025031
-0.50505	0.070865
-0.5142	0.11832
-0.53287	0.17829
-0.5681	0.25191
-0.63092	0.33731
-0.7408	0.42757
-0.91797	0.49323
-1.1172	0.48607
-1.2892	0.40788
-1.4187	0.27331
-1.4902	0.09843
0.50505	-0.070865
0.5142	-0.11832
0.53287	-0.17829
0.5681	-0.25191
0.63092	-0.33731
0.7408	-0.42757
0.91797	-0.49323
1.1172	-0.48607
1.2892	-0.40788
1.4187	-0.27331
1.4902	-0.09843
1.4902	0.09843
1.4187	0.27331
1.2892	0.40788
1.1172	0.48607
0.91797	0.49323
0.7408	0.42757
0.63092	0.33731
0.5681	0.25191
0.53287	0.17829
0.5142	0.11832
0.50505	0.070865
0.50063	0.025031
0.50063	-0.025031
0.52438	-0.025006
0.47704	-0.025006
-0.47704	-0.025006
-0.52438	-0.025006
-0.96331	-7.58e-10
-0.92403	-3.5957e-07
-0.8325	-0.00021094
-0.88019	-1.4097e-05
-0.73744	-0.0096274
-0.78312	-0.0018678
-0.52438	0.025006
-0.47704	0.025006
-0.25022	0.0096274
-0.13988	0.00021094
-0.19986	0.0018678
6.1294e-17	0
-0.072018	1.4096e-05
0.13988	-0.00021094
0.072018	-1.4096e-05
0.25022	-0.0096274
0.19986	-0.0018678
0.47704	0.025006
0.52438	0.025006
0.73744	0.0096267
0.8325	-0.00017407
0.78312	0.0018417
0.96329	-0.0033271
0.92402	-0.018413
0.88017	-0.0033592
-0.52618	-0.072538
-0.52707	0.070677
0.52707	-0.070677
0.52618	0.072538
-1.2622	0.26667
1.2622	-0.26667
0.62488	-0.1014
0.56041	-0.14409
0.5755	-0.17575
-0.62488	0.1014
-0.56041	0.14409
-0.5755	0.17575
0.32717	-0.023908
0.29128	-0.019325
0.29124	0.015416
0.32717	0.023402
-0.29124	-0.015416
-0.32717	-0.023402
-0.32717	0.023908
-0.29128	0.019325
-0.66587	-0.023908
-0.69932	-0.019325
-0.69935	0.015416
-0.66587	0.023402
0.69935	-0.015416
0.66587	-0.023402
0.66587	0.023908
0.69932	0.019325
0.39373	-0.024989
0.3615	-0.024855
0.3615	0.02482
0.39373	0.024988
0.3455	-8.2217e-05
-0.3615	-0.02482
-0.39373	-0.024988
-0.39373	0.024989
-0.3615	0.024855
-0.3455	8.2217e-05
-0.60372	-0.024989
-0.63385	-0.024855
-0.63385	0.02482
-0.60372	0.024988
-0.64876	-8.2217e-05
0.63385	-0.02482
0.60372	-0.024988
0.60372	0.024989
0.63385	0.024855
0.64876	8.2217e-05
-0.54986	-0.075117
-0.57658	-0.07822
-0.54181	-0.12454
-0.53346	-0.097455
0.54986	0.075117
0.57658	0.07822
0.54181	0.12454
0.53346	0.097455
0.53511	-3.8453e-17
0.5758	-0.025
0.54973	-0.025001
0.54973	0.025001
0.5758	0.025
0.58975	2.3346e-08
-0.46556	1.2432e-17
-0.42347	-0.025
-0.45094	-0.025001
-0.45094	0.025001
-0.42347	0.025
-0.40853	2.3346e-08
0.46556	-3.8164e-17
0.45094	-0.025001
0.42347	-0.025
0.42347	0.025
0.45094	0.025001
0.40853	-2.3346e-08
-0.53511	1.2432e-17
-0.54973	-0.025001
-0.5758	-0.025
-0.5758	0.025
-0.54973	0.025001
-0.58975	-2.3346e-08
1.2678	0.307
1.1992	0.3587
-1.2678	-0.307
-1.1992	-0.3587
-1.3352	0.23513
-1.3813	0.17678
-1.2683	0.18863
1.3352	-0.23513
1.3813	-0.17678
1.2683	-0.18863
0.74254	0.35027
0.8077	0.38349
-0.74254	-0.35027
-0.8077	-0.38349
-1.0164	0.40024
-0.96707	0.30903
1.0164	-0.40024
0.96707	-0.30903
-0.70689	0.31559
-0.66019	0.27339
-0.82875	0.24961
0.70689	-0.31559
0.66019	-0.27339
0.82875	-0.24961
1.1954	0.030419
-1.1954	-0.030419
-0.99176	0.088648
-0.94471	0.09538
-0.94499	0.19642
0.99176	-0.088648
0.94471	-0.09538
0.94499	-0.19642
0.99785	0.088326
0.95265	0.096492
0.98872	0.22229
-0.99785	-0.088326
-0.95265	-0.096492
-0.98872	-0.22229
0.60773	0.081606
0.64429	0.082174
0.66585	0.15044
0.59049	0.10952
-0.60773	-0.081606
-0.64429	-0.082174
-0.66585	-0.15044
-0.59049	-0.10952
0.61166	0.24422
0.58501	0.21115
0.66022	0.1879
0.62895	0.16354
-0.61166	-0.24422
-0.58501	-0.21115
-0.66022	-0.1879
-0.62895	-0.16354
0.60425	-0.077526
0.58216	-0.063875
0.55256	-0.069088
0.53618	-0.092309
0.54738	-0.11627
0.58435	-0.11072
-0.60425	0.077526
-0.58216	0.063875
-0.55256	0.069088
-0.53618	0.092309
-0.54738	0.11627
-0.58435	0.11072
-1.0503	-0.4184
-1.1271	-0.39723
-1.0192	-0.3022
-1.1245	-0.3181
1.0503	0.4184
1.1271	0.39723
1.0192	0.3022
1.1245	0.3181
1.3274	0.24694
1.3741	0.1764
1.2651	0.092836
1.2472	0.21831
-1.3274	-0.24694
-1.3741	-0.1764
-1.2651	-0.092836
-1.2472	-0.21831
-1.1296	-0.20612
-1.0563	-0.16535
1.1296	0.20612
1.0563	0.16535
-0.95138	0.42747
-0.87826	0.42239
-0.90966	0.33346
-0.96076	0.36705
0.95138	-0.42747
0.87826	-0.42239
0.90966	-0.33346
0.96076	-0.36705
-1.4444	0.001038
-1.4101	-0.092798
-1.4127	0.095733
-1.2856	-0.02992
-1.3392	0.1008
-1.3315	-0.092123
1.4444	-0.001038
1.4127	-0.095733
1.4101	0.092798
1.2856	0.02992
1.3392	-0.1008
1.3315	0.092123
-0.80992	-0.11828
-0.7299	-0.17782
-0.79555	-0.24807
0.80992	0.11828
0.7299	0.17782
0.79555	0.24807
0.96797	0.42219
0.884	0.40921
0.9665	0.30391
0.86394	0.33711
1.0001	0.35809
-0.96797	-0.42219
-0.884	-0.40921
-0.9665	-0.30391
-0.86394	-0.33711
-1.0001	-0.35809
0.75405	-0.36133
0.80986	-0.39779
0.84912	-0.31007
0.78203	-0.30348
0.86139	-0.36546
-0.75405	0.36133
-0.80986	0.39779
-0.84912	0.31007
-0.78203	0.30348
-0.86139	0.36546
-1.0375	0.070471
-1.1451	0.15465
-1.1267	0.038227
-1.0301	0.12616
1.0909	-0.41553
1.235	-0.34295
1.1803	-0.41025
1.1774	-0.28038
1.0637	-0.34982
-1.0909	0.41553
-1.235	0.34295
-1.1803	0.41025
-1.1774	0.28038
-1.0637	0.34982
1.0375	-0.070471
1.1451	-0.15465
1.1267	-0.038227
1.0301	-0.12616
-0.79907	0.090649
-0.75411	0.089591
-0.76289	0.1644
0.79907	-0.090649
0.75411	-0.089591
0.76289	-0.1644
1.2358	-0.0053127
1.2128	-0.13771
1.2759	-0.11737
1.182	-0.026054
1.2865	-0.044396
1.1644	-0.087447
-1.2358	0.0053127
-1.2128	0.13771
-1.2759	0.11737
-1.182	0.026054
-1.2865	0.044396
-1.1644	0.087447
-0.68876	-0.31456
-0.64578	-0.27902
-0.69588	-0.2086
-0.74394	-0.28448
-0.65519	-0.22985
-0.74165	-0.22638
0.68876	0.31456
0.64578	0.27902
0.69588	0.2086
0.74394	0.28448
0.65519	0.22985
0.74165	0.22638
0.59402	-0.20914
0.62047	-0.24071
0.61826	-0.17276
0.67044	-0.21702
-0.59402	0.20914
-0.62047	0.24071
-0.61826	0.17276
-0.67044	0.21702
1.0343	0.022174
1.0353	-0.022525
1.0987	0.0049809
1.0757	-0.03723
-1.0343	-0.022174
-1.0353	0.022525
-1.0987	-0.0049809
-1.0757	0.03723
-0.5648	-0.18095
-0.55135	-0.15281
-0.57001	-0.13158
-0.59853	-0.14312
-0.59602	-0.17608
0.5648	0.18095
0.55135	0.15281
0.57001	0.13158
0.59853	0.14312
0.59602	0.17608
-1.0272	-0.25373
-1.1075	-0.25386
-1.0352	-0.20774
-1.0681	-0.28567
-1.0814	-0.20782
1.0272	0.25373
1.1075	0.25386
1.0352	0.20774
1.0681	0.28567
1.0814	0.20782
1.2101	0.084246
1.1818	0.18516
1.1598	0.068288
1.2286	0.14468
1.1319	0.15459
-1.2101	-0.084246
-1.1818	-0.18516
-1.1598	-0.068288
-1.2286	-0.14468
-1.1319	-0.15459
-1.1249	0.22314
-0.98556	0.24735
-1.0289	0.2962
-1.0103	0.186
-1.0761	0.17085
-1.0984	0.28901
1.1249	-0.22314
0.98556	-0.24735
1.0289	-0.2962
1.0103	-0.186
1.0984	-0.28901
1.0761	-0.17085
0.949	0.25221
0.852	0.27219
0.94086	0.19733
0.84593	0.21119
0.90988	0.29204
-0.949	-0.25221
-0.852	-0.27219
-0.94086	-0.19733
-0.84593	-0.21119
-0.90988	-0.29204
-0.89585	0.09671
-0.84634	0.094509
-0.87779	0.19767
-0.81366	0.18791
-0.91583	0.14541
-0.80823	0.13463
0.89585	-0.09671
0.84634	-0.094509
0.87779	-0.19767
0.81366	-0.18791
0.91583	-0.14541
0.80823	-0.13463
-0.86134	-0.10074
-0.90673	-0.095854
-0.92817	-0.14256
-0.84816	-0.15346
-0.89158	-0.17833
0.86134	0.10074
0.90673	0.095854
0.92817	0.14256
0.84816	0.15346
0.89158	0.17833
0.71005	-0.091388
0.66734	-0.093898
0.64354	-0.13555
0.70916	-0.1758
0.7325	-0.1303
0.66076	-0.17339
-0.71005	0.091388
-0.66734	0.093898
-0.64354	0.13555
-0.70916	0.1758
-0.7325	0.1303
-0.66076	0.17339
-1.0368	-0.067001
-1.1126	-0.052672
-1.0416	-0.11553
-1.0877	-0.13329
-1.0705	-0.038853
-1.1237	-0.10313
1.0368	0.067001
1.1126	0.052672
1.0416	0.11553
1.0877	0.13329
1.0705	0.038853
1.1237	0.10313
-0.68476	-0.078432
-0.72985	-0.070088
-0.77188	-0.088498
-0.70659	-0.14256
-0.67554	-0.11309
-0.75494	-0.13497
0.68476	0.078432
0.72985	0.070088
0.77188	0.088498
0.70659	0.14256
0.67554	0.11309
0.75494	0.13497
-1	-0.025
1	0.025
0.98201	-0.05
0.90465	-0.05
0.80827	-0.05
0.70947	-0.05
0.63347	-0.05
0.57501	-0.05
0.53004	-0.05
0.49266	-0.05
0.45031	-0.05
0.39526	-0.05
0.32369	-0.05
0.23065	-0.05
0.1097	-0.05
-0.036566	-0.05
-0.17439	-0.05
-0.28041	-0.05
-0.36197	-0.05
-0.4247	-0.05
-0.47296	-0.05
-0.51168	-0.05
-0.55115	-0.05
-0.60245	-0.05
-0.66914	-0.05
-0.75585	-0.05
-0.85787	-0.05
-0.94603	-0.05
-0.98201	0.05
-0.90465	0.05
-0.80827	0.05
-0.70947	0.05
-0.63347	0.05
-0.57501	0.05
-0.53004	0.05
-0.49266	0.05
-0.45031	0.05
-0.39526	0.05
-0.32369	0.05
-0.23065	0.05
-0.1097	0.05
0.036566	0.05
0.17439	0.05
0.28041	0.05
0.36197	0.05
0.4247	0.05
0.47296	0.05
0.51168	0.05
0.55115	0.05
0.60245	0.05
0.66914	0.05
0.75585	0.05
0.85787	0.05
0.94603	0.05
-1.4975	-0.049457
-1.4418	-0.23413
-1.3273	-0.37801
-1.1619	-0.47305
-0.97134	-0.49918
-0.77698	-0.44751
-0.65182	-0.35885
-0.58019	-0.27158
-0.53949	-0.19477
-0.51761	-0.13155
-0.50665	-0.081252
-0.50141	-0.037527
-0.50016	0.01252
-0.50367	0.060446
-0.51115	0.105
-0.52683	0.16159
-0.55693	0.2317
-0.61134	0.31456
-0.70639	0.40471
-0.86555	0.48159
-1.0714	0.49487
-1.2484	0.43393
-1.3921	0.31024
-1.4781	0.14644
0.50367	-0.060446
0.51115	-0.105
0.52683	-0.16159
0.55693	-0.2317
0.61134	-0.31456
0.70639	-0.40471
0.86555	-0.48159
1.0714	-0.49487
1.2484	-0.43393
1.3921	-0.31024
1.4781	-0.14644
1.4975	0.049457
1.4418	0.23413
1.3273	0.37801
1.1619	0.47305
0.97134	0.49918
0.77698	0.44751
0.65182	0.35885
0.58019	0.27158
0.53949	0.19477
0.51761	0.13155
0.50665	0.081252
0.50141	0.037527
0.50016	-0.01252
-1	0.025
1	-0.025
0.94603	-0.05
0.85787	-0.05
0.75585	-0.05
0.66914	-0.05
0.60245	-0.05
0.55115	-0.05
0.51168	-0.05
0.47296	-0.05
0.4247	-0.05
0.36197	-0.05
0.28041	-0.05
0.17439	-0.05
0.036566	-0.05
-0.1097	-0.05
-0.23065	-0.05
-0.32369	-0.05
-0.39526	-0.05
-0.45031	-0.05
-0.49266	-0.05
-0.53004	-0.05
-0.57501	-0.05
-0.63347	-0.05
-0.70947	-0.05
-0.80827	-0.05
-0.90465	-0.05
-0.98201	-0.05
-0.94603	0.05
-0.85787	0.05
-0.75585	0.05
-0.66914	0.05
-0.60245	0.05
-0.55115	0.05
-0.51168	0.05
-0.47296	0.05
-0.4247	0.05
-0.36197	0.05
-0.28041	0.05
-0.17439	0.05
-0.036566	0.05
0.1097	0.05
0.23065	0.05
0.32369	0.05
0.39526	0.05
0.45031	0.05
0.49266	0.05
0.53004	0.05
0.57501	0.05
0.63347	0.05
0.70947	0.05
0.80827	0.05
0.90465	0.05
0.98201	0.05
-1.4781	-0.14644
-1.3921	-0.31024
-1.2484	-0.43393
-1.0714	-0.49487
-0.86555	-0.48159
-0.70639	-0.40471
-0.61134	-0.31456
-0.55693	-0.2317
-0.52683	-0.16159
-0.51115	-0.105
-0.50367	-0.060446
-0.50016	-0.01252
-0.50141	0.037527
-0.50665	0.081252
-0.51761	0.13155
-0.53949	0.19477
-0.58019	0.27158
-0.65182	0.35885
-0.77698	0.44751
-0.97134	0.49918
-1.1619	0.47305
-1.3273	0.37801
-1.4418	0.23413
-1.4975	0.049457
0.50665	-0.081252
0.51761	-0.13155
0.53949	-0.19477
0.58019	-0.27158
0.65182	-0.35885
0.77698	-0.44751
0.97134	-0.49918
1.1619	-0.47305
1.3273	-0.37801
1.4418	-0.23413
1.4975	-0.049457
1.4781	0.14644
1.3921	0.31024
1.2484	0.43393
1.0714	0.49487
0.86555	0.48159
0.70639	0.40471
0.61134	0.31456
0.55693	0.2317
0.52683	0.16159
0.51115	0.105
0.50367	0.060446
0.50016	0.01252
0.50141	-0.037527
-0.98192	0.025
0.98192	0.024595
-0.5133	-0.060641
-0.49124	-0.037513
-0.51141	-0.037513
-0.51141	0.037513
-0.49124	0.037513
-0.51341	0.060409
0.51341	-0.060409
0.5133	0.060641
0.49124	0.037513
0.51141	0.037513
0.51141	-0.037513
0.49124	-0.037513
0.51419	-0.012507
0.53277	-0.037502
0.52189	-0.037506
0.51208	-0.025014
0.4866	-0.012507
0.46916	-0.037502
0.48046	-0.037506
0.48938	-0.025014
-0.4866	-0.012507
-0.46916	-0.037502
-0.48046	-0.037506
-0.48938	-0.025014
-0.51419	-0.012507
-0.53277	-0.037502
-0.52189	-0.037506
-0.51208	-0.025014
-0.98175	-0.025
-0.94504	0.025
-0.98179	0
-0.9633	-0.025
-0.9637	0.025
-0.92481	-0.025001
-0.92485	0.025
-0.94442	-0.025
-0.903	0.024999
-0.94419	-2.8873e-08
-0.833	-0.025254
-0.83279	0.024917
-0.857	-0.025078
-0.80763	0.024717
-0.90351	-0.025004
-0.85709	0.024979
-0.88057	-0.025021
-0.88037	0.024995
-0.90269	-2.6551e-06
-0.85671	-5.9398e-05
-0.7356	-0.031017
-0.736	0.015381
-0.75891	-0.02863
-0.80832	-0.02572
-0.7577	0.022203
-0.78332	-0.026777
-0.78235	0.024107
-0.80781	-0.00065944
-0.75938	-0.0047869
-0.51419	0.012507
-0.53277	0.037502
-0.52189	0.037506
-0.51208	0.025014
-0.4866	0.012507
-0.46916	0.037502
-0.48046	0.037506
-0.48938	0.025014
-0.25172	-0.015381
-0.25231	0.031017
-0.22713	0.02863
-0.14123	-0.024917
-0.14108	0.025254
-0.17166	-0.024717
-0.10714	0.025078
-0.22806	-0.022203
-0.17223	0.02572
-0.20068	-0.024107
-0.20046	0.026777
-0.22631	0.0047869
-0.17097	0.00065944
-0.00010563	-0.025001
0.00010563	0.025001
-0.036446	-0.024999
0.036446	0.024999
-0.10814	-0.024979
-0.036133	0.025004
-0.072626	-0.024995
-0.071995	0.025021
-0.10679	5.9398e-05
-0.036205	2.6262e-06
0.14108	-0.025254
0.14123	0.024917
0.10714	-0.025078
0.17166	0.024717
0.036133	-0.025004
0.10814	0.024979
0.071995	-0.025021
0.072626	0.024995
0.036205	-2.6262e-06
0.10679	-5.9398e-05
0.25231	-0.031017
0.25172	0.015381
0.22713	-0.02863
0.17223	-0.02572
0.22806	0.022203
0.20046	-0.026777
0.20068	0.024107
0.17097	-0.00065944
0.22631	-0.0047869
0.4866	0.012507
0.46916	0.037502
0.48046	0.037506
0.48938	0.025014
0.51419	0.012507
0.53277	0.037502
0.52189	0.037506
0.51208	0.025014
0.736	-0.015382
0.7356	0.031017
0.75891	0.028629
0.83279	-0.025384
0.833	0.025102
0.80763	-0.024861
0.85699	0.024569
0.7577	-0.022211
0.80832	0.02568
0.78235	-0.024145
0.78332	0.026768
0.75938	0.0047819
0.80781	0.00055022
0.98174	-0.026231
0.94498	0.020214
0.98178	-0.0010324
0.96329	-0.02833
0.96368	0.023466
0.92505	-0.038749
0.92458	0.0092453
0.94445	-0.032263
0.90302	-0.032266
0.94414	-0.0086693
0.85708	-0.026309
0.90347	0.020206
0.88037	-0.028346
0.88056	0.023444
0.85671	-0.0011367
0.90264	-0.0086765
-0.53349	-0.061591
-0.51784	-0.082731
-0.5232	-0.061041
-0.51536	-0.071506
-0.53415	0.060147
-0.51851	0.081383
-0.52353	0.060337
-0.5157	0.070816
0.53415	-0.060147
0.51851	-0.081383
0.52353	-0.060337
0.5157	-0.070816
0.53349	0.061591
0.51784	0.082731
0.5232	0.061041
0.51536	0.071506
-1.3028	0.29958
-1.2286	0.23715
1.3028	-0.29958
1.2286	-0.23715
0.6363	-0.07945
0.61327	-0.12105
0.54075	-0.14526
0.58056	-0.14207
0.54708	-0.16096
0.56176	-0.19369
0.58858	-0.15779
0.55404	-0.17715
0.56767	-0.15958
-0.6363	0.07945
-0.61327	0.12105
-0.54075	0.14526
-0.58056	0.14207
-0.54708	0.16096
-0.56176	0.19369
-0.58858	0.15779
-0.55404	0.17715
-0.56767	0.15958
0.33493	-0.037038
0.32108	-0.011168
0.31553	-0.036397
0.27507	-0.033352
0.30573	-0.0082173
0.29567	-0.035197
0.27175	-0.01493
0.30947	-0.02232
0.27495	0.028384
0.30573	0.0059966
0.29564	0.033484
0.27165	0.0054961
0.28963	-0.0024639
0.33493	0.036861
0.32108	0.01028
0.31552	0.035821
0.30946	0.020837
-0.27495	-0.028384
-0.30573	-0.0059966
-0.29564	-0.033484
-0.27165	-0.0054961
-0.33493	-0.036861
-0.32108	-0.01028
-0.31552	-0.035821
-0.30946	-0.020837
-0.33493	0.037038
-0.32108	0.011168
-0.31553	0.036397
-0.27507	0.033352
-0.30573	0.0082173
-0.29567	0.035197
-0.27175	0.01493
-0.28963	0.0024639
-0.30947	0.02232
-0.65865	-0.037038
-0.67154	-0.011168
-0.67673	-0.036397
-0.71443	-0.033352
-0.68585	-0.0082173
-0.69524	-0.035197
-0.71748	-0.01493
-0.68237	-0.02232
-0.71452	0.028384
-0.68586	0.0059966
-0.69526	0.033484
-0.71756	0.0054961
-0.70085	-0.0024639
-0.65865	0.036861
-0.67155	0.01028
-0.67674	0.035821
-0.68238	0.020837
0.71452	-0.028384
0.68586	-0.0059966
0.69526	-0.033484
0.71756	-0.0054962
0.65865	-0.036861
0.67155	-0.01028
0.67674	-0.035821
0.68238	-0.020837
0.65865	0.037038
0.67154	0.011168
0.67673	0.036397
0.71443	0.033352
0.68585	0.0082173
0.69524	0.035197
0.71748	0.01493
0.70085	0.0024639
0.68237	0.02232
0.40222	-0.037496
0.38565	-0.012484
0.3863	-0.037484
0.35308	-0.037326
0.36972	-0.012445
0.36992	-0.037443
0.34459	-0.024585
0.37786	-0.024956
0.35308	0.03728
0.36972	0.012427
0.36992	0.037433
0.34459	0.024436
0.40222	0.037496
0.38565	0.012481
0.3863	0.037482
0.37786	0.024949
0.32984	-0.00025328
0.36168	-2.0439e-05
0.33702	-0.012035
0.33702	0.01173
0.35342	-0.012334
0.35342	0.01225
-0.35308	-0.03728
-0.36972	-0.012427
-0.36992	-0.037433
-0.34459	-0.024436
-0.40222	-0.037496
-0.38565	-0.012481
-0.3863	-0.037482
-0.37786	-0.024949
-0.40222	0.037496
-0.38565	0.012484
-0.3863	0.037484
-0.35308	0.037326
-0.36972	0.012445
-0.36992	0.037443
-0.34459	0.024585
-0.37786	0.024956
-0.32984	0.00025328
-0.36168	2.0439e-05
-0.33702	-0.01173
-0.33702	0.012035
-0.35342	-0.01225
-0.35342	0.012334
-0.59586	-0.037496
-0.61124	-0.012484
-0.61073	-0.037484
-0.64173	-0.037326
-0.62615	-0.012445
-0.62602	-0.037443
-0.64962	-0.024585
-0.61856	-0.024956
-0.64173	0.03728
-0.62615	0.012427
-0.62602	0.037433
-0.64962	0.024436
-0.59586	0.037496
-0.61124	0.012481
-0.61073	0.037482
-0.61856	0.024949
-0.66337	-0.00025328
-0.63365	-2.0439e-05
-0.65667	-0.012035
-0.65668	0.01173
-0.64137	-0.012334
-0.64137	0.01225
0.64173	-0.03728
0.62615	-0.012427
0.62602	-0.037433
0.64962	-0.024436
0.59586	-0.037496
0.61124	-0.012481
0.61073	-0.037482
0.61856	-0.024949
0.59586	0.037496
0.61124	0.012484
0.61073	0.037484
0.64173	0.037326
0.62615	0.012445
0.62602	0.037443
0.64962	0.024585
0.61856	0.024956
0.66337	0.00025328
0.63365	2.0439e-05
0.65668	-0.01173
0.65667	0.012035
0.64137	-0.01225
0.64137	0.012334
-0.54469	-0.062233
-0.55514	-0.088625
-0.55686	-0.062945
-0.53764	-0.073773
-0.58284	-0.064566
-0.56897	-0.090894
-0.56954	-0.063729
-0.56283	-0.076591
-0.53194	-0.13503
-0.55131	-0.11379
-0.52787	-0.12135
-0.52078	-0.094888
-0.54665	-0.099966
-0.52416	-0.10796
-0.52964	-0.084646
-0.54206	-0.08658
-0.53754	-0.11082
0.54469	0.062233
0.55514	0.088625
0.55686	0.062945
0.53764	0.073773
0.58284	0.064566
0.56897	0.090894
0.56954	0.063729
0.56283	0.076591
0.53194	0.13503
0.55131	0.11379
0.52787	0.12135
0.52078	0.094888
0.54665	0.099966
0.52416	0.10796
0.52964	0.084646
0.54206	0.08658
0.53754	0.11082
0.52009	-6.0137e-17
0.54886	-2.2551e-17
0.52877	-0.012503
0.52877	0.012503
0.58201	-0.037499
0.56912	-0.0125
0.56917	-0.0375
0.58944	-0.024998
0.54437	-0.037501
0.55576	-0.0125
0.55665	-0.0375
0.53699	-0.025002
0.54243	-0.012501
0.56264	-0.025
0.54437	0.037501
0.55576	0.0125
0.55665	0.0375
0.53699	0.025002
0.54243	0.012501
0.58201	0.037499
0.56912	0.0125
0.56917	0.0375
0.58944	0.024998
0.56264	0.025
0.60401	4.3291e-07
0.5759	-5.4933e-18
0.59676	-0.012496
0.59676	0.012496
0.58274	-0.012499
0.58274	0.012499
-0.48057	1.966e-17
-0.45148	6.9389e-18
-0.47211	-0.012503
-0.47211	0.012503
-0.41702	-0.037499
-0.43039	-0.0125
-0.43071	-0.0375
-0.40897	-0.024998
-0.45699	-0.037501
-0.4444	-0.0125
-0.44401	-0.0375
-0.46416	-0.025002
-0.45821	-0.012501
-0.43738	-0.025
-0.45699	0.037501
-0.4444	0.0125
-0.44401	0.0375
-0.46416	0.025002
-0.45821	0.012501
-0.41702	0.037499
-0.43039	0.0125
-0.43071	0.0375
-0.40897	0.024998
-0.43738	0.025
-0.39336	4.3291e-07
-0.4232	1.4456e-18
-0.4011	-0.012496
-0.4011	0.012496
-0.416	-0.012499
-0.416	0.012499
0.48057	-6.0137e-17
0.45148	-2.2551e-17
0.47211	-0.012503
0.47211	0.012503
0.45699	-0.037501
0.4444	-0.0125
0.44401	-0.0375
0.46416	-0.025002
0.45821	-0.012501
0.41702	-0.037499
0.43039	-0.0125
0.43071	-0.0375
0.40897	-0.024998
0.43738	-0.025
0.41702	0.037499
0.43039	0.0125
0.43071	0.0375
0.40897	0.024998
0.45699	0.037501
0.4444	0.0125
0.44401	0.0375
0.46416	0.025002
0.45821	0.012501
0.43738	0.025
0.39336	-4.3291e-07
0.4232	-5.4933e-18
0.4011	-0.012496
0.4011	0.012496
0.416	-0.012499
0.416	0.012499
-0.52009	1.966e-17
-0.54886	6.9389e-18
-0.52877	-0.012503
-0.52877	0.012503
-0.54437	-0.037501
-0.55576	-0.0125
-0.55665	-0.0375
-0.53699	-0.025002
-0.54243	-0.012501
-0.58201	-0.037499
-0.56912	-0.0125
-0.56917	-0.0375
-0.58944	-0.024998
-0.56264	-0.025
-0.58201	0.037499
-0.56912	0.0125
-0.56917	0.0375
-0.58944	0.024998
-0.54437	0.037501
-0.55576	0.0125
-0.55665	0.0375
-0.53699	0.025002
-0.54243	0.012501
-0.56264	0.025
-0.60401	-4.3291e-07
-0.5759	1.4456e-18
-0.59676	-0.012496
-0.59676	0.012496
-0.58274	-0.012499
-0.58274	0.012499
1.3133	0.32634
1.2245	0.28679
1.2789	0.35597
1.2038	0.40612
1.1916	0.31267
1.2422	0.38273
1.234	0.33395
-1.3133	-0.32634
-1.2245	-0.28679
-1.2789	-0.35597
-1.2038	-0.40612
-1.1916	-0.31267
-1.2422	-0.38273
-1.234	-0.33395
-1.3451	0.2834
-1.327	0.19448
-1.3754	0.25568
-1.3021	0.25429
-1.4198	0.18457
-1.3469	0.16956
-1.3998	0.2223
-1.3611	0.20909
-1.2346	0.19979
-1.2979	0.17583
-1.2661	0.22678
-1.2996	0.21272
1.3451	-0.2834
1.327	-0.19448
1.3754	-0.25568
1.3021	-0.25429
1.4198	-0.18457
1.3469	-0.16956
1.3998	-0.2223
1.3611	-0.20909
1.2346	-0.19979
1.2979	-0.17583
1.2661	-0.22678
1.2996	-0.21272
0.71022	0.36664
0.77253	0.33191
0.74148	0.38711
0.81201	0.42273
0.80382	0.34682
0.77541	0.40598
0.77383	0.36756
-0.71022	-0.36664
-0.77253	-0.33191
-0.74148	-0.38711
-0.81201	-0.42273
-0.80382	-0.34682
-0.77541	-0.40598
-0.77383	-0.36756
-1.0203	0.44006
-1.0118	0.36862
-0.94096	0.28767
-0.98967	0.32887
1.0203	-0.44006
1.0118	-0.36862
0.94096	-0.28767
0.98967	-0.32887
-0.6913	0.34815
-0.72294	0.28075
-0.66859	0.3262
-0.62661	0.28409
-0.69606	0.25875
-0.64693	0.30471
-0.68365	0.29311
-0.86618	0.25542
-0.79015	0.24402
0.6913	-0.34815
0.72294	-0.28075
0.66859	-0.3262
0.62661	-0.28409
0.69606	-0.25875
0.64693	-0.30471
0.68365	-0.29311
0.86618	-0.25542
0.79015	-0.24402
1.2191	0.038856
1.1705	0.02231
-1.2191	-0.038856
-1.1705	-0.02231
-0.99715	0.066498
-0.98366	0.11348
-0.97653	0.070038
-0.93452	0.072879
-0.9576	0.11765
-0.95572	0.071904
-0.96837	0.092916
-0.92821	0.22706
-0.95994	0.16763
0.99715	-0.066498
0.98366	-0.11348
0.97653	-0.070038
0.93452	-0.072879
0.9576	-0.11765
0.95572	-0.071904
0.96837	-0.092916
0.92821	-0.22706
0.95994	-0.16763
0.99922	0.065882
0.99574	0.11583
0.97976	0.070267
0.93889	0.073108
0.96914	0.12164
0.95958	0.072444
0.97583	0.094307
0.98892	0.24698
0.98972	0.19346
-0.99922	-0.065882
-0.99574	-0.11583
-0.97976	-0.070267
-0.93889	-0.073108
-0.96914	-0.12164
-0.95958	-0.072444
-0.97583	-0.094307
-0.98892	-0.24698
-0.98972	-0.19346
0.5975	0.065375
0.61833	0.099208
0.61359	0.065961
0.59142	0.079964
0.64802	0.065637
0.63858	0.099865
0.63045	0.066079
0.62548	0.082525
0.68039	0.16315
0.64955	0.13656
0.57494	0.10578
0.60796	0.1142
0.58377	0.093471
0.59999	0.096356
-0.5975	-0.065375
-0.61833	-0.099208
-0.61359	-0.065961
-0.59142	-0.079964
-0.64802	-0.065637
-0.63858	-0.099865
-0.63045	-0.066079
-0.62548	-0.082525
-0.68039	-0.16315
-0.64955	-0.13656
-0.57494	-0.10578
-0.60796	-0.1142
-0.58377	-0.093471
-0.59999	-0.096356
0.60373	0.26721
0.61791	0.22253
0.58972	0.24883
0.56609	0.21265
0.60388	0.20749
0.57722	0.23062
0.59755	0.22747
0.67771	0.18019
0.64165	0.19542
0.66256	0.16898
0.63033	0.14375
0.62643	0.18264
0.64692	0.15649
0.64443	0.17581
-0.60373	-0.26721
-0.61791	-0.22253
-0.58972	-0.24883
-0.56609	-0.21265
-0.60388	-0.20749
-0.57722	-0.23062
-0.59755	-0.22747
-0.67771	-0.18019
-0.64165	-0.19542
-0.66256	-0.16898
-0.63033	-0.14375
-0.62643	-0.18264
-0.64692	-0.15649
-0.64443	-0.17581
0.62503	-0.067751
0.58531	-0.083856
0.61214	-0.062279
0.61494	-0.087644
0.58625	-0.054966
0.57583	-0.075196
0.59901	-0.05852
0.57197	-0.057467
0.59312	-0.07015
0.54581	-0.059712
0.5599	-0.078394
0.55855	-0.058892
0.53932	-0.070185
0.56681	-0.067129
0.52191	-0.092742
0.55144	-0.090781
0.52587	-0.10497
0.53133	-0.081252
0.5451	-0.080311
0.53517	-0.1308
0.55825	-0.1019
0.53029	-0.11762
0.55366	-0.12958
0.54156	-0.10394
0.59274	-0.12444
0.576	-0.098672
0.6042	-0.10641
0.57285	-0.1274
0.59486	-0.094023
0.56541	-0.11401
-0.62503	0.067751
-0.58531	0.083856
-0.61214	0.062279
-0.61494	0.087644
-0.58625	0.054966
-0.57583	0.075196
-0.59901	0.05852
-0.57197	0.057467
-0.59312	0.07015
-0.54581	0.059712
-0.5599	0.078394
-0.55855	0.058892
-0.53932	0.070185
-0.56681	0.067129
-0.52191	0.092742
-0.55144	0.090781
-0.52587	0.10497
-0.53133	0.081252
-0.5451	0.080311
-0.53517	0.1308
-0.55825	0.1019
-0.53029	0.11762
-0.55366	0.12958
-0.54156	0.10394
-0.59274	0.12444
-0.576	0.098672
-0.6042	0.10641
-0.57285	0.1274
-0.59486	0.094023
-0.56541	0.11401
-1.0386	-0.4577
-1.0592	-0.38136
-1.0818	-0.45127
-1.1642	-0.42547
-1.094	-0.37106
-1.1236	-0.44052
-1.1636	-0.38009
-1.0893	-0.40999
-1.0022	-0.28234
-1.0402	-0.3238
-1.1521	-0.29583
-1.0956	-0.33471
-1.1598	-0.33691
-1.1275	-0.35632
1.0386	0.4577
1.0592	0.38136
1.0818	0.45127
1.1642	0.42547
1.094	0.37106
1.1236	0.44052
1.1636	0.38009
1.0893	0.40999
1.0022	0.28234
1.0402	0.3238
1.1521	0.29583
1.0956	0.33471
1.1598	0.33691
1.1275	0.35632
1.3443	0.29441
1.3113	0.20263
1.3718	0.26026
1.2992	0.27812
1.4168	0.1841
1.3336	0.16917
1.3959	0.22354
1.3523	0.21314
1.2506	0.065898
1.2803	0.12508
1.2173	0.24216
1.2731	0.19159
1.2569	0.26093
1.2858	0.2331
-1.3443	-0.29441
-1.3113	-0.20263
-1.3718	-0.26026
-1.2992	-0.27812
-1.4168	-0.1841
-1.3336	-0.16917
-1.3959	-0.22354
-1.3523	-0.21314
-1.2506	-0.065898
-1.2803	-0.12508
-1.2173	-0.24216
-1.2731	-0.19159
-1.2569	-0.26093
-1.2858	-0.2331
-1.1514	-0.23015
-1.1113	-0.18726
-1.0294	-0.16055
-1.0792	-0.16982
1.1514	0.23015
1.1113	0.18726
1.0294	0.16055
1.0792	0.16982
-0.98215	0.45761
-0.92829	0.40251
-0.93873	0.46032
-0.98588	0.41805
-0.85127	0.44422
-0.89848	0.40107
-0.89445	0.45513
-0.91495	0.42835
-0.90865	0.30191
-0.91103	0.36132
-0.93746	0.3199
-0.98653	0.3556
-0.93442	0.37686
-0.98663	0.38462
-0.96288	0.33836
-0.95795	0.39637
-0.93601	0.3495
0.98215	-0.45761
0.92829	-0.40251
0.93873	-0.46032
0.98588	-0.41805
0.85127	-0.44422
0.89848	-0.40107
0.89445	-0.45513
0.91495	-0.42835
0.90865	-0.30191
0.91103	-0.36132
0.93746	-0.3199
0.98653	-0.3556
0.93442	-0.37686
0.98663	-0.38462
0.96288	-0.33836
0.95795	-0.39637
0.93601	-0.3495
-1.4781	0.00035872
-1.405	0.002064
-1.4645	-0.04809
-1.4649	0.049221
-1.435	-0.14135
-1.3859	-0.04579
-1.4507	-0.095581
-1.3931	-0.13636
-1.4267	-0.04651
-1.4369	0.14252
-1.3878	0.050831
-1.4517	0.096898
-1.3979	0.13872
-1.4277	0.049249
-1.2587	-0.039662
-1.3178	-0.016559
-1.2777	-0.06309
-1.3292	0.13672
-1.3488	0.058111
-1.3616	0.13645
-1.3747	0.096649
-1.3151	-0.1289
-1.3454	-0.049894
-1.3529	-0.13234
-1.2966	-0.093177
-1.3698	-0.091483
-1.3092	-0.057398
1.4781	-0.00035872
1.405	-0.002064
1.4649	-0.049221
1.4645	0.04809
1.4369	-0.14252
1.3878	-0.050831
1.4517	-0.096898
1.3979	-0.13872
1.4277	-0.049249
1.435	0.14135
1.3859	0.04579
1.4507	0.095581
1.3931	0.13636
1.4267	0.04651
1.2587	0.039662
1.3178	0.016559
1.2777	0.06309
1.3292	-0.13672
1.3488	-0.058111
1.3616	-0.13645
1.3747	-0.096649
1.3151	0.1289
1.3454	0.049894
1.3529	0.13234
1.2966	0.093177
1.3698	0.091483
1.3092	0.057398
-0.82006	-0.088388
-0.80056	-0.14749
-0.70811	-0.17558
-0.75612	-0.17975
-0.79798	-0.27966
-0.79297	-0.21648
0.82006	0.088388
0.80056	0.14749
0.70811	0.17558
0.75612	0.17975
0.79798	0.27966
0.79297	0.21648
0.99308	0.45966
0.94783	0.38701
0.94576	0.4569
1.0098	0.42247
0.85317	0.43748
0.90985	0.38111
0.89865	0.44936
0.84439	0.39755
0.92563	0.41766
0.97985	0.28264
0.95054	0.32794
0.99332	0.30509
0.83155	0.32544
0.89752	0.34678
0.83725	0.36038
0.87273	0.37203
1.0331	0.35445
0.96618	0.35779
1.0231	0.38738
1.0112	0.32904
0.98581	0.38921
0.98126	0.33035
-0.99308	-0.45966
-0.94783	-0.38701
-0.94576	-0.4569
-1.0098	-0.42247
-0.85317	-0.43748
-0.90985	-0.38111
-0.89865	-0.44936
-0.84439	-0.39755
-0.92563	-0.41766
-0.97985	-0.28264
-0.95054	-0.32794
-0.99332	-0.30509
-0.83155	-0.32544
-0.89752	-0.34678
-0.83725	-0.36038
-0.87273	-0.37203
-1.0331	-0.35445
-0.96618	-0.35779
-1.0231	-0.38738
-1.0112	-0.32904
-0.98581	-0.38921
-0.98126	-0.33035
0.71686	-0.3708
0.78626	-0.35298
0.74594	-0.39301
0.72991	-0.339
0.81213	-0.42976
0.80958	-0.36931
0.77761	-0.41279
0.84272	-0.41163
0.78041	-0.38114
0.87535	-0.28831
0.82721	-0.33033
0.83977	-0.28047
0.88049	-0.31995
0.76416	-0.27445
0.79794	-0.32815
0.74519	-0.30731
0.80343	-0.27593
0.76575	-0.33184
0.81647	-0.30451
0.88925	-0.3756
0.83362	-0.35528
0.86786	-0.3931
0.88459	-0.34889
0.8374	-0.38208
0.856	-0.33816
-0.71686	0.3708
-0.78626	0.35298
-0.74594	0.39301
-0.72991	0.339
-0.81213	0.42976
-0.80958	0.36931
-0.77761	0.41279
-0.84272	0.41163
-0.78041	0.38114
-0.87535	0.28831
-0.82721	0.33033
-0.83977	0.28047
-0.88049	0.31995
-0.76416	0.27445
-0.79794	0.32815
-0.74519	0.30731
-0.80343	0.27593
-0.76575	0.33184
-0.81647	0.30451
-0.88925	0.3756
-0.83362	0.35528
-0.86786	0.3931
-0.88459	0.34889
-0.8374	0.38208
-0.856	0.33816
-1.0174	0.058428
-1.0615	0.08344
-1.0149	0.081502
-1.171	0.1815
-1.12	0.12775
-1.1371	0.011405
-1.1132	0.06611
-1.0014	0.13425
-1.0598	0.11494
-1.0096	0.10698
-1.0356	0.09735
1.0605	-0.45227
1.1177	-0.38166
1.1038	-0.4515
1.0514	-0.41128
1.2908	-0.34128
1.1859	-0.34577
1.264	-0.37577
1.2529	-0.30619
1.196	-0.43765
1.1616	-0.37967
1.1489	-0.4455
1.2313	-0.40712
1.1339	-0.41414
1.2098	-0.37701
1.1896	-0.24492
1.1613	-0.31489
1.2196	-0.27457
1.2056	-0.31095
1.0317	-0.3478
1.1005	-0.35006
1.0422	-0.37676
1.0778	-0.3811
-1.0605	0.45227
-1.1177	0.38166
-1.1038	0.4515
-1.0514	0.41128
-1.2908	0.34128
-1.1859	0.34577
-1.264	0.37577
-1.2529	0.30619
-1.196	0.43765
-1.1616	0.37967
-1.1489	0.4455
-1.2313	0.40712
-1.1339	0.41414
-1.2098	0.37701
-1.1896	0.24492
-1.1613	0.31489
-1.2196	0.27457
-1.2056	0.31095
-1.0317	0.3478
-1.1005	0.35006
-1.0422	0.37676
-1.0778	0.3811
1.0174	-0.058428
1.0615	-0.08344
1.0149	-0.081502
1.171	-0.1815
1.12	-0.12775
1.1371	-0.011405
1.1132	-0.06611
1.0014	-0.13425
1.0598	-0.11494
1.0096	-0.10698
1.0356	-0.09735
-0.81598	0.070882
-0.78358	0.10859
-0.79149	0.070172
-0.74317	0.070083
-0.76357	0.10785
-0.76717	0.069906
-0.77646	0.08951
-0.75545	0.19387
-0.76783	0.1405
0.81598	-0.070882
0.78358	-0.10859
0.79149	-0.070172
0.74317	-0.070083
0.76357	-0.10785
0.76717	-0.069906
0.77646	-0.08951
0.75545	-0.19387
0.76783	-0.1405
1.238	0.023499
1.2317	-0.036724
1.2144	0.012193
1.2612	0.0095939
1.206	-0.17303
1.2195	-0.10318
1.2396	-0.16329
1.1794	-0.14662
1.3003	-0.14231
1.2507	-0.092776
1.2712	-0.15253
1.3067	-0.10795
1.2449	-0.12775
1.163	-0.005174
1.203	-0.047408
1.189	0.0027621
1.1543	-0.033332
1.2093	-0.01679
1.319	-0.027587
1.2561	-0.057976
1.2885	-0.0065397
1.3137	-0.0699
1.26	-0.023518
1.2816	-0.081568
1.1315	-0.093787
1.1956	-0.079315
1.1546	-0.12044
1.1439	-0.062568
1.1876	-0.11243
1.1738	-0.056057
-1.238	-0.023499
-1.2317	0.036724
-1.2144	-0.012193
-1.2612	-0.0095939
-1.206	0.17303
-1.2195	0.10318
-1.2396	0.16329
-1.1794	0.14662
-1.3003	0.14231
-1.2507	0.092776
-1.2712	0.15253
-1.3067	0.10795
-1.2449	0.12775
-1.163	0.005174
-1.203	0.047408
-1.189	-0.0027621
-1.1543	0.033332
-1.2093	0.01679
-1.319	0.027587
-1.2561	0.057976
-1.2885	0.0065397
-1.3137	0.0699
-1.26	0.023518
-1.2816	0.081568
-1.1315	0.093787
-1.1956	0.079315
-1.1546	0.12044
-1.1439	0.062568
-1.1876	0.11243
-1.1738	0.056057
-0.6831	-0.34636
-0.6927	-0.28474
-0.65993	-0.32677
-0.71411	-0.33239
-0.62009	-0.28661
-0.67084	-0.26909
-0.63901	-0.30684
-0.62764	-0.2614
-0.66613	-0.29681
-0.69414	-0.18861
-0.69631	-0.23161
-0.67704	-0.19893
-0.7139	-0.19477
-0.77138	-0.29851
-0.71851	-0.27065
-0.7435	-0.31627
-0.77005	-0.26686
-0.71688	-0.30046
-0.63817	-0.21598
-0.67414	-0.24353
-0.6336	-0.23791
-0.65805	-0.20805
-0.65117	-0.25346
-0.67612	-0.22011
-0.76434	-0.20675
-0.71882	-0.24292
-0.73733	-0.20047
-0.76804	-0.23644
-0.7174	-0.21745
-0.74352	-0.25455
0.6831	0.34636
0.6927	0.28474
0.65993	0.32677
0.71411	0.33239
0.62009	0.28661
0.67084	0.26909
0.63901	0.30684
0.62764	0.2614
0.66613	0.29681
0.69414	0.18861
0.69631	0.23161
0.67704	0.19893
0.7139	0.19477
0.77138	0.29851
0.71851	0.27065
0.7435	0.31627
0.77005	0.26686
0.71688	0.30046
0.63817	0.21598
0.67414	0.24353
0.6336	0.23791
0.65805	0.20805
0.65117	0.25346
0.67612	0.22011
0.76434	0.20675
0.71882	0.24292
0.73733	0.20047
0.76804	0.23644
0.7174	0.21745
0.74352	0.25455
0.57085	-0.21122
0.61573	-0.206
0.58166	-0.22943
0.58415	-0.19239
0.60895	-0.26511
0.62848	-0.21915
0.59424	-0.24734
0.63861	-0.25632
0.60582	-0.2253
0.6097	-0.15598
0.62651	-0.18909
0.597	-0.17415
0.60595	-0.19057
0.69868	-0.22579
0.64878	-0.20905
0.66852	-0.24371
0.64607	-0.23102
-0.57085	0.21122
-0.61573	0.206
-0.58166	0.22943
-0.58415	0.19239
-0.60895	0.26511
-0.62848	0.21915
-0.59424	0.24734
-0.63861	0.25632
-0.60582	0.2253
-0.6097	0.15598
-0.62651	0.18909
-0.597	0.17415
-0.60595	0.19057
-0.69868	0.22579
-0.64878	0.20905
-0.66852	0.24371
-0.64607	0.23102
1.0174	0.035119
1.0501	0.010359
1.0172	0.011715
1.0179	-0.035697
1.0509	-0.0097646
1.0174	-0.01197
1.0368	-0.045781
1.0342	-4.7938e-05
1.1214	0.0092596
1.0785	0.0022859
1.1121	-0.015472
1.0837	-0.063509
1.0686	-0.015462
1.0583	-0.055451
1.1001	-0.039739
1.0543	-0.031204
1.0889	-0.016923
-1.0174	-0.035119
-1.0501	-0.010359
-1.0172	-0.011715
-1.0179	0.035697
-1.0509	0.0097646
-1.0174	0.01197
-1.0368	0.045781
-1.0342	4.7938e-05
-1.1214	-0.0092596
-1.0785	-0.0022859
-1.1121	0.015472
-1.0837	0.063509
-1.0686	0.015462
-1.0583	0.055451
-1.1001	0.039739
-1.0543	0.031204
-1.0889	0.016923
-0.55666	-0.19587
-0.57146	-0.16742
-0.5489	-0.18028
-0.57405	-0.19557
-0.53668	-0.14958
-0.56509	-0.15518
-0.54231	-0.1649
-0.54634	-0.13858
-0.55731	-0.16691
-0.5655	-0.1171
-0.57369	-0.14544
-0.55591	-0.12787
-0.58019	-0.12107
-0.56041	-0.14187
-0.61276	-0.13333
-0.58605	-0.15104
-0.59574	-0.12625
-0.61357	-0.15227
-0.5841	-0.13638
-0.60875	-0.18863
-0.58483	-0.16509
-0.59136	-0.1931
-0.61207	-0.17044
-0.58043	-0.17969
-0.59856	-0.15964
0.55666	0.19587
0.57146	0.16742
0.5489	0.18028
0.57405	0.19557
0.53668	0.14958
0.56509	0.15518
0.54231	0.1649
0.54634	0.13858
0.55731	0.16691
0.5655	0.1171
0.57369	0.14544
0.55591	0.12787
0.58019	0.12107
0.56041	0.14187
0.61276	0.13333
0.58605	0.15104
0.59574	0.12625
0.61357	0.15227
0.5841	0.13638
0.60875	0.18863
0.58483	0.16509
0.59136	0.1931
0.61207	0.17044
0.58043	0.17969
0.59856	0.15964
-1.0068	-0.26061
-1.0475	-0.24701
-1.0088	-0.23763
-1.0243	-0.27734
-1.1384	-0.25981
-1.0825	-0.2472
-1.1178	-0.28351
-1.1213	-0.23133
-1.0169	-0.18554
-1.0511	-0.22653
-1.0114	-0.21267
-1.0439	-0.1854
-1.0301	-0.2307
-1.068	-0.31466
-1.0663	-0.26049
-1.0444	-0.29559
-1.094	-0.30143
-1.0463	-0.26991
-1.0895	-0.27201
-1.0903	-0.18903
-1.0721	-0.22641
-1.1049	-0.2085
-1.0681	-0.18728
-1.095	-0.22919
-1.0585	-0.20674
1.0068	0.26061
1.0475	0.24701
1.0088	0.23763
1.0243	0.27734
1.1384	0.25981
1.0825	0.2472
1.1178	0.28351
1.1213	0.23133
1.0169	0.18554
1.0511	0.22653
1.0114	0.21267
1.0439	0.1854
1.0301	0.2307
1.068	0.31466
1.0663	0.26049
1.0444	0.29559
1.094	0.30143
1.0463	0.26991
1.0895	0.27201
1.0903	0.18903
1.0721	0.22641
1.1049	0.2085
1.0681	0.18728
1.095	0.22919
1.0585	0.20674
1.2262	0.063738
1.192	0.10466
1.2021	0.057209
1.2366	0.089972
1.1831	0.22048
1.178	0.15334
1.2122	0.20216
1.1558	0.19864
1.1529	0.041612
1.1663	0.095493
1.1775	0.049398
1.1846	0.076587
1.2607	0.15383
1.1994	0.13446
1.2484	0.11994
1.238	0.17962
1.2192	0.11306
1.2063	0.16668
1.1126	0.16574
1.1523	0.14049
1.1328	0.18031
1.1555	0.16888
-1.2262	-0.063738
-1.192	-0.10466
-1.2021	-0.057209
-1.2366	-0.089972
-1.1831	-0.22048
-1.178	-0.15334
-1.2122	-0.20216
-1.1558	-0.19864
-1.1529	-0.041612
-1.1663	-0.095493
-1.1775	-0.049398
-1.1846	-0.076587
-1.2607	-0.15383
-1.1994	-0.13446
-1.2484	-0.11994
-1.238	-0.17962
-1.2192	-0.11306
-1.2063	-0.16668
-1.1126	-0.16574
-1.1523	-0.14049
-1.1328	-0.18031
-1.1555	-0.16888
-1.1617	0.21651
-1.0888	0.2293
-1.1355	0.1891
-1.1506	0.25114
-0.95017	0.25426
-1.0196	0.24116
-0.97468	0.27848
-0.96401	0.22226
-1.0171	0.32357
-1.0413	0.26634
-0.99742	0.30128
-1.0476	0.32179
-1.0078	0.27174
-0.99061	0.16266
-1.0316	0.21015
-0.9779	0.19195
-1.0213	0.15589
-0.99803	0.21646
-1.0854	0.13692
-1.0655	0.2034
-1.1103	0.16256
-1.0526	0.14727
-1.1001	0.19634
-1.0429	0.17889
-1.1202	0.31806
-1.0762	0.26145
-1.1368	0.28506
-1.0822	0.3203
-1.1126	0.25651
-1.0624	0.29252
1.1617	-0.21651
1.0888	-0.2293
1.1506	-0.25114
1.1355	-0.1891
0.95017	-0.25426
1.0196	-0.24116
0.97468	-0.27848
0.96401	-0.22226
1.0171	-0.32357
1.0413	-0.26634
0.99742	-0.30128
1.0476	-0.32179
1.0078	-0.27174
0.99061	-0.16266
1.0316	-0.21015
0.9779	-0.19195
1.0213	-0.15589
0.99803	-0.21646
1.1202	-0.31806
1.0762	-0.26145
1.1368	-0.28506
1.0822	-0.3203
1.1126	-0.25651
1.0624	-0.29252
1.0854	-0.13692
1.0655	-0.2034
1.1103	-0.16256
1.0526	-0.14727
1.1001	-0.19634
1.0429	-0.17889
0.97185	0.26024
0.92399	0.2433
0.96809	0.23575
0.95588	0.27818
0.82706	0.29227
0.87562	0.25258
0.82356	0.26037
0.85715	0.30397
0.96339	0.17835
0.91959	0.21539
0.96587	0.20857
0.94455	0.22529
0.81945	0.19762
0.87195	0.22308
0.8209	0.22912
0.84825	0.24137
0.91931	0.32235
0.903	0.26257
0.9386	0.29925
0.88802	0.31417
0.92998	0.2712
0.88086	0.28288
-0.97185	-0.26024
-0.92399	-0.2433
-0.96809	-0.23575
-0.95588	-0.27818
-0.82706	-0.29227
-0.87562	-0.25258
-0.82356	-0.26037
-0.85715	-0.30397
-0.96339	-0.17835
-0.91959	-0.21539
-0.96587	-0.20857
-0.94455	-0.22529
-0.81945	-0.19762
-0.87195	-0.22308
-0.8209	-0.22912
-0.84825	-0.24137
-0.91931	-0.32235
-0.903	-0.26257
-0.9386	-0.29925
-0.88802	-0.31417
-0.92998	-0.2712
-0.88086	-0.28288
-0.91197	0.07324
-0.87849	0.12019
-0.88815	0.073114
-0.92057	0.096562
-0.8402	0.071783
-0.8526	0.11833
-0.86414	0.072591
-0.82234	0.092572
-0.87094	0.095974
-0.89097	0.22764
-0.86751	0.16981
-0.85451	0.22384
-0.91141	0.19856
-0.78419	0.20986
-0.83806	0.16601
-0.81923	0.21831
-0.78553	0.17811
-0.84499	0.19408
-0.94444	0.14365
-0.88733	0.1453
-0.93135	0.12
-0.92905	0.17062
-0.9049	0.1208
-0.89808	0.17137
-0.78697	0.12843
-0.83274	0.13979
-0.80463	0.11184
-0.78693	0.15125
-0.82779	0.1154
-0.81074	0.15986
0.91197	-0.07324
0.87849	-0.12019
0.88815	-0.073114
0.92057	-0.096562
0.8402	-0.071783
0.8526	-0.11833
0.86414	-0.072591
0.82234	-0.092572
0.87094	-0.095974
0.89097	-0.22764
0.86751	-0.16981
0.85451	-0.22384
0.91141	-0.19856
0.78419	-0.20986
0.83806	-0.16601
0.81923	-0.21831
0.78553	-0.17811
0.84499	-0.19408
0.94444	-0.14365
0.88733	-0.1453
0.93135	-0.12
0.92905	-0.17062
0.9049	-0.1208
0.89808	-0.17137
0.78697	-0.12843
0.83274	-0.13979
0.80463	-0.11184
0.78693	-0.15125
0.82779	-0.1154
0.81074	-0.15986
-0.84691	-0.078639
-0.87562	-0.11958
-0.871	-0.074901
-0.83668	-0.10815
-0.91708	-0.073127
-0.89638	-0.11707
-0.89422	-0.073436
-0.92946	-0.096301
-0.88428	-0.096874
-0.95533	-0.14778
-0.90523	-0.13785
-0.94232	-0.12058
-0.93585	-0.16919
-0.91822	-0.11838
-0.82194	-0.16631
-0.87053	-0.1424
-0.82843	-0.13666
-0.84567	-0.18169
-0.85345	-0.12675
-0.89442	-0.20543
-0.88923	-0.15355
-0.91563	-0.18782
-0.86975	-0.19448
-0.91107	-0.16153
-0.86914	-0.16729
0.84691	0.078639
0.87562	0.11958
0.871	0.074901
0.83668	0.10815
0.91708	0.073127
0.89638	0.11707
0.89422	0.073436
0.92946	0.096301
0.88428	0.096874
0.95533	0.14778
0.90523	0.13785
0.94232	0.12058
0.93585	0.16919
0.91822	0.11838
0.82194	0.16631
0.87053	0.1424
0.82843	0.13666
0.84567	0.18169
0.85345	0.12675
0.89442	0.20543
0.88923	0.15355
0.91563	0.18782
0.86975	0.19448
0.91107	0.16153
0.86914	0.16729
0.72058	-0.070495
0.69904	-0.11257
0.69942	-0.071012
0.73189	-0.090424
0.65775	-0.07361
0.67724	-0.11373
0.67859	-0.071797
0.64607	-0.09682
0.68861	-0.092398
0.62219	-0.13735
0.66525	-0.13446
0.63431	-0.11781
0.63096	-0.15463
0.65567	-0.11532
0.72231	-0.2006
0.69792	-0.15418
0.73626	-0.17283
0.69211	-0.19819
0.75384	-0.12668
0.70997	-0.13258
0.74275	-0.10946
0.74582	-0.14814
0.72099	-0.11123
0.72195	-0.15255
0.64612	-0.19013
0.67472	-0.15425
0.63929	-0.17236
0.66721	-0.19391
0.65252	-0.15411
0.68381	-0.1751
-0.72058	0.070495
-0.69904	0.11257
-0.69942	0.071012
-0.73189	0.090424
-0.65775	0.07361
-0.67724	0.11373
-0.67859	0.071797
-0.64607	0.09682
-0.68861	0.092398
-0.62219	0.13735
-0.66525	0.13446
-0.63431	0.11781
-0.63096	0.15463
-0.65567	0.11532
-0.72231	0.2006
-0.69792	0.15418
-0.73626	0.17283
-0.69211	0.19819
-0.75384	0.12668
-0.70997	0.13258
-0.74275	0.10946
-0.74582	0.14814
-0.72099	0.11123
-0.72195	0.15255
-0.64612	0.19013
-0.67472	0.15425
-0.63929	0.17236
-0.66721	0.19391
-0.65252	0.15411
-0.68381	0.1751
-1.0178	-0.057029
-1.0571	-0.076574
-1.0181	-0.078934
-1.0354	-0.044448
-1.1291	-0.034497
-1.0958	-0.069582
-1.1063	-0.028316
-1.1357	-0.060187
-1.0207	-0.13191
-1.0604	-0.1005
-1.0187	-0.10368
-1.0471	-0.14108
-1.0386	-0.090546
-1.0928	-0.15559
-1.0828	-0.10949
-1.0711	-0.14831
-1.1097	-0.14282
-1.0649	-0.12475
-1.0665	-0.017759
-1.0744	-0.061686
-1.0518	-0.031232
-1.0852	-0.022963
-1.0543	-0.053426
-1.0908	-0.04571
-1.1475	-0.11306
-1.1007	-0.094031
-1.1418	-0.086339
-1.1284	-0.12884
-1.1184	-0.077684
-1.1054	-0.11863
1.0178	0.057029
1.0571	0.076574
1.0181	0.078934
1.0354	0.044448
1.1291	0.034497
1.0958	0.069582
1.1063	0.028316
1.1357	0.060187
1.0207	0.13191
1.0604	0.1005
1.0187	0.10368
1.0471	0.14108
1.0386	0.090546
1.0928	0.15559
1.0828	0.10949
1.0711	0.14831
1.1097	0.14282
1.0649	0.12475
1.0665	0.017759
1.0744	0.061686
1.0518	0.031232
1.0852	0.022963
1.0543	0.053426
1.0908	0.04571
1.1475	0.11306
1.1007	0.094031
1.1418	0.086339
1.1284	0.12884
1.1184	0.077684
1.1054	0.11863
-0.66707	-0.064689
-0.70273	-0.091509
-0.68765	-0.063211
-0.66399	-0.080719
-0.73144	-0.057207
-0.72609	-0.086342
-0.70906	-0.060943
-0.75474	-0.062205
-0.70668	-0.075103
-0.80076	-0.074223
-0.7454	-0.098043
-0.77815	-0.067254
-0.79152	-0.10143
-0.75105	-0.078721
-0.69873	-0.15991
-0.7141	-0.12369
-0.68558	-0.1459
-0.71955	-0.1588
-0.6539	-0.11662
-0.69755	-0.1093
-0.65944	-0.097973
-0.67031	-0.1317
-0.68063	-0.095195
-0.69161	-0.1277
-0.77125	-0.1548
-0.73823	-0.11868
-0.78212	-0.12803
-0.74368	-0.15757
-0.7641	-0.11156
-0.72962	-0.13937
0.66707	0.064689
0.70273	0.091509
0.68765	0.063211
0.66399	0.080719
0.73144	0.057207
0.72609	0.086342
0.70906	0.060943
0.75474	0.062205
0.70668	0.075103
0.80076	0.074223
0.7454	0.098043
0.77815	0.067254
0.79152	0.10143
0.75105	0.078721
0.69873	0.15991
0.7141	0.12369
0.68558	0.1459
0.71955	0.1588
0.6539	0.11662
0.69755	0.1093
0.65944	0.097973
0.67031	0.1317
0.68063	0.095195
0.69161	0.1277
0.77125	0.1548
0.73823	0.11868
0.78212	0.12803
0.74368	0.15757
0.7641	0.11156
0.72962	0.13937
